A =

    0.6732    0.8228         0         0
         0         0    0.6732    0.8228
    0.0000    0.6732         0    0.8228
    0.6732         0    0.8228    0.0000
